ABF2	GIS1	0.5161463	-0.033511944
ACO1	BAS1	0.44104784	-0.33810085
ADD66	RTG1	0.32066952	0.047650059
ADA2	NRG1	0.18537182	-0.069562396
ACE2	RPN4	0.11303367	0.11303367
SEH1	0.0	0.0	0.0
BUD13	0.0	0.0	0.0
HUR1	0.0	0.0	0.0
RAD54	0.0	0.0	0.0
ITC1	0.0	0.0	0.0
MET13	0.0	0.0	0.0
GPG1	0.0	0.0	0.0
SNF4	0.0	0.0	0.0
SGF73	0.0	0.0	0.0
DBP3	0.0	0.0	0.0
RPB9	0.0	0.0	0.0
HOS2	0.0	0.0	0.0
YBP2	0.0	0.0	0.0
RAD6	0.0	0.0	0.0
DST1	0.0	0.0	0.0
MIG1	0.0	0.0	0.0
CGR1	0.0	0.0	0.0
SAE2	0.0	0.0	0.0
FRA2	0.0	0.0	0.0
MDS3	0.0	0.0	0.0
FZF1	0.0	0.0	0.0
YGR122W	0.0	0.0	0.0
CLB1	0.0	0.0	0.0
ASK10	0.0	0.0	0.0
SLX9	0.0	0.0	0.0
UPF3	0.0	0.0	0.0
SPT4	0.0	0.0	0.0
RSC1	0.0	0.0	0.0
RTG2	0.0	0.0	0.0
NCS6	0.0	0.0	0.0
HFM1	0.0	0.0	0.0
RAI1	0.0	0.0	0.0
RTF1	0.0	0.0	0.0
DOC1	0.0	0.0	0.0
HAP2	0.0	0.0	0.0
EDC1	0.0	0.0	0.0
CKB1	0.0	0.0	0.0
PIB2	0.0	0.0	0.0
PUF4	0.0	0.0	0.0
KAP122	0.0	0.0	0.0
GPA2	0.0	0.0	0.0
SLX8	0.0	0.0	0.0
KAP123	0.0	0.0	0.0
UBC6	0.0	0.0	0.0
IES5	0.0	0.0	0.0
PTP3	0.0	0.0	0.0
PCL6	0.0	0.0	0.0
GLN3	0.0	0.0	0.0
BIM1	0.0	0.0	0.0
PEX4	0.0	0.0	0.0
NPR2	0.0	0.0	0.0
CIN8	0.0	0.0	0.0
IES6	0.0	0.0	0.0
RAD23	0.0	0.0	0.0
EAF5	0.0	0.0	0.0
VAC8	0.0	0.0	0.0
UBC8	0.0	0.0	0.0
SCS2	0.0	0.0	0.0
YCK3	0.0	0.0	0.0
RTR1	0.0	0.0	0.0
UBP3	0.0	0.0	0.0
CDH1	0.0	0.0	0.0
SAP155	0.0	0.0	0.0
CDC26	0.0	0.0	0.0
FAB1	0.0	0.0	0.0
GSY1	0.0	0.0	0.0
CMK1	0.0	0.0	0.0
IOC3	0.0	0.0	0.0
UBP6	0.0	0.0	0.0
LOC1	0.0	0.0	0.0
RIM15	0.0	0.0	0.0
IES1	0.0	0.0	0.0
DEG1	0.0	0.0	0.0
BMH1	0.0	0.0	0.0
CHD1	0.0	0.0	0.0
SPT2	0.0	0.0	0.0
PPT1	0.0	0.0	0.0
PRE9	0.0	0.0	0.0
CAF130	0.0	0.0	0.0
URM1	0.0	0.0	0.0
NOT3	0.0	0.0	0.0
CKA1	0.0	0.0	0.0
BCY1	0.0	0.0	0.0
SSM4	0.0	0.0	0.0
VID28	0.0	0.0	0.0
YIL014C-A	0.0	0.0	0.0
EST3	0.0	0.0	0.0
YIL001W	0.0	0.0	0.0
LSM12	0.0	0.0	0.0
SET5	0.0	0.0	0.0
RPN10	0.0	0.0	0.0
CTF8	0.0	0.0	0.0
IKI1	0.0	0.0	0.0
STB5	0.0	0.0	0.0
THP2	0.0	0.0	0.0
RTT107	0.0	0.0	0.0
APQ12	0.0	0.0	0.0
VHR1	0.0	0.0	0.0
SDS3	0.0	0.0	0.0
HOS4	0.0	0.0	0.0
SET4	0.0	0.0	0.0
BCK1	0.0	0.0	0.0
SCP160	0.0	0.0	0.0
DLS1	0.0	0.0	0.0
ZAP1	0.0	0.0	0.0
MGA2	0.0	0.0	0.0
YVH1	0.0	0.0	0.0
DAL81	0.0	0.0	0.0
IST3	0.0	0.0	0.0
RRD1	0.0	0.0	0.0
ATG32	0.0	0.0	0.0
RPL16A	0.0	0.0	0.0
FKH1	0.0	0.0	0.0
MET18	0.0	0.0	0.0
POG1	0.0	0.0	0.0
WSS1	0.0	0.0	0.0
MSH1	0.0	0.0	0.0
URC2	0.0	0.0	0.0
SMI1	0.0	0.0	0.0
OPI1	0.0	0.0	0.0
STE20	0.0	0.0	0.0
HSE1	0.0	0.0	0.0
EFG1	0.0	0.0	0.0
YTA7	0.0	0.0	0.0
GCN5	0.0	0.0	0.0
PFK1	0.0	0.0	0.0
TRX2	0.0	0.0	0.0
SET1	0.0	0.0	0.0
SER2	0.0	0.0	0.0
ELP2	0.0	0.0	0.0
UBR1	0.0	0.0	0.0
RNR4	0.0	0.0	0.0
PBP1	0.0	0.0	0.0
TIF4631	0.0	0.0	0.0
CHO2	0.0	0.0	0.0
SNF6	0.0	0.0	0.0
RIM101	0.0	0.0	0.0
OCA5	0.0	0.0	0.0
SBP1	0.0	0.0	0.0
UBA4	0.0	0.0	0.0
GGA2	0.0	0.0	0.0
STE12	0.0	0.0	0.0
KSP1	0.0	0.0	0.0
LRP1	0.0	0.0	0.0
IRE1	0.0	0.0	0.0
NMD2	0.0	0.0	0.0
SSF1	0.0	0.0	0.0
PIH1	0.0	0.0	0.0
YHR033W	0.0	0.0	0.0
RRM3	0.0	0.0	0.0
SLT2	0.0	0.0	0.0
THR1	0.0	0.0	0.0
STP2	0.0	0.0	0.0
YHR003C	0.0	0.0	0.0
GCN4	0.0	0.0	0.0
PUF6	0.0	0.0	0.0
EUG1	0.0	0.0	0.0
SGF29	0.0	0.0	0.0
MAK31	0.0	0.0	0.0
SAT4	0.0	0.0	0.0
MRC1	0.0	0.0	0.0
SRO9	0.0	0.0	0.0
STE50	0.0	0.0	0.0
BIK1	0.0	0.0	0.0
DCC1	0.0	0.0	0.0
SNF5	0.0	0.0	0.0
MSI1	0.0	0.0	0.0
YBR285W	0.0	0.0	0.0
PAF1	0.0	0.0	0.0
DPB3	0.0	0.0	0.0
RIF1	0.0	0.0	0.0
CHK1	0.0	0.0	0.0
ISW1	0.0	0.0	0.0
SWC5	0.0	0.0	0.0
HTL1	0.0	0.0	0.0
RIM1	0.0	0.0	0.0
SNT1	0.0	0.0	0.0
THR4	0.0	0.0	0.0
MBP1	0.0	0.0	0.0
SIT4	0.0	0.0	0.0
SIR2	0.0	0.0	0.0
PUS9	0.0	0.0	0.0
GPR1	0.0	0.0	0.0
SLX5	0.0	0.0	0.0
PTC1	0.0	0.0	0.0
MED2	0.0	0.0	0.0
NHP10	0.0	0.0	0.0
OCA4	0.0	0.0	0.0
KIN82	0.0	0.0	0.0
CSM1	0.0	0.0	0.0
TUP1	0.0	0.0	0.0
PAT1	0.0	0.0	0.0
RAD18	0.0	0.0	0.0
HPC2	0.0	0.0	0.0
SWD3	0.0	0.0	0.0
RXT3	0.0	0.0	0.0
SLA1	0.0	0.0	0.0
PIN4	0.0	0.0	0.0
EDE1	0.0	0.0	0.0
URA7	0.0	0.0	0.0
HAP3	0.0	0.0	0.0
APN2	0.0	0.0	0.0
FUS3	0.0	0.0	0.0
HIR1	0.0	0.0	0.0
LDB7	0.0	0.0	0.0
IRA1	0.0	0.0	0.0
KIN3	0.0	0.0	0.0
SWD1	0.0	0.0	0.0
NUP60	0.0	0.0	0.0
PEX22	0.0	0.0	0.0
AIM1	0.0	0.0	0.0
CLN3	0.0	0.0	0.0
CCR4	0.0	0.0	0.0
PTH2	0.0	0.0	0.0
UBP13	0.0	0.0	0.0
NUP170	0.0	0.0	0.0
PET112	0.0	0.0	0.0
PTC4	0.0	0.0	0.0
SIF2	0.0	0.0	0.0
MMS4	0.0	0.0	0.0
VPS15	0.0	0.0	0.0
RXT2	0.0	0.0	0.0
TEC1	0.0	0.0	0.0
UBC4	0.0	0.0	0.0
SPT7	0.0	0.0	0.0
UBP14	0.0	0.0	0.0
MUM2	0.0	0.0	0.0
HHT1	0.0	0.0	0.0
HHF1	0.0	0.0	0.0
NTH2	0.0	0.0	0.0
RTG3	0.0	0.0	0.0
TEL1	0.0	0.0	0.0
BRE1	0.0	0.0	0.0
VAM6	0.0	0.0	0.0
VPS4	0.0	0.0	0.0
IPK1	0.0	0.0	0.0
EAF1	0.0	0.0	0.0
MSN5	0.0	0.0	0.0
SWR1	0.0	0.0	0.0
IRC3	0.0	0.0	0.0
PEP7	0.0	0.0	0.0
SWA2	0.0	0.0	0.0
MCM21	0.0	0.0	0.0
SUM1	0.0	0.0	0.0
EBS1	0.0	0.0	0.0
YDR306C	0.0	0.0	0.0
HDA2	0.0	0.0	0.0
RTT103	0.0	0.0	0.0
PEX10	0.0	0.0	0.0
SWM1	0.0	0.0	0.0
PEX5	0.0	0.0	0.0
SIR4	0.0	0.0	0.0
ESC2	0.0	0.0	0.0
SEM1	0.0	0.0	0.0
CDC40	0.0	0.0	0.0
BCS1	0.0	0.0	0.0
VPS3	0.0	0.0	0.0
VPS72	0.0	0.0	0.0
DIG2	0.0	0.0	0.0
SNF1	0.0	0.0	0.0
SDC1	0.0	0.0	0.0
STP1	0.0	0.0	0.0
HEH2	0.0	0.0	0.0
TOM1	0.0	0.0	0.0
ADA2	0.0	0.0	0.0
NPL3	0.0	0.0	0.0
STE14	0.0	0.0	0.0
SXM1	0.0	0.0	0.0
SPT3	0.0	0.0	0.0
MUS81	0.0	0.0	0.0
LSM6	0.0	0.0	0.0
MFB1	0.0	0.0	0.0
SAS4	0.0	0.0	0.0
RAM1	0.0	0.0	0.0
NOP6	0.0	0.0	0.0
SNF11	0.0	0.0	0.0
DOA4	0.0	0.0	0.0
OCA6	0.0	0.0	0.0
RAD28	0.0	0.0	0.0
REG1	0.0	0.0	0.0
RAD57	0.0	0.0	0.0
PHO13	0.0	0.0	0.0
UFD2	0.0	0.0	0.0
NGG1	0.0	0.0	0.0
NRP1	0.0	0.0	0.0
DHH1	0.0	0.0	0.0
STE7	0.0	0.0	0.0
RGT2	0.0	0.0	0.0
UBP1	0.0	0.0	0.0
DUN1	0.0	0.0	0.0
UBX3	0.0	0.0	0.0
TPS2	0.0	0.0	0.0
PPH3	0.0	0.0	0.0
RAD55	0.0	0.0	0.0
TFB5	0.0	0.0	0.0
HMO1	0.0	0.0	0.0
ARG82	0.0	0.0	0.0
NBP2	0.0	0.0	0.0
SAC3	0.0	0.0	0.0
HOM2	0.0	0.0	0.0
RPA14	0.0	0.0	0.0
SAN1	0.0	0.0	0.0
RGP1	0.0	0.0	0.0
FIN1	0.0	0.0	0.0
DPB4	0.0	0.0	0.0
TRM1	0.0	0.0	0.0
STE5	0.0	0.0	0.0
ARX1	0.0	0.0	0.0
RRP8	0.0	0.0	0.0
VPS41	0.0	0.0	0.0
GZF3	0.0	0.0	0.0
HDA3	0.0	0.0	0.0
LSM1	0.0	0.0	0.0
MCK1	0.0	0.0	0.0
BRE5	0.0	0.0	0.0
PPG1	0.0	0.0	0.0
SSK2	0.0	0.0	0.0
SNF12	0.0	0.0	0.0
VPS27	0.0	0.0	0.0
RPD3	0.0	0.0	0.0
LEM3	0.0	0.0	0.0
CLA4	0.0	0.0	0.0
SIN3	0.0	0.0	0.0
CAF40	0.0	0.0	0.0
RAD50	0.0	0.0	0.0
RPA49	0.0	0.0	0.0
ZWF1	0.0	0.0	0.0
ELA1	0.0	0.0	0.0
URE2	0.0	0.0	0.0
JJJ1	0.0	0.0	0.0
PHO80	0.0	0.0	0.0
HTZ1	0.0	0.0	0.0
HIR2	0.0	0.0	0.0
INO4	0.0	0.0	0.0
RTS1	0.0	0.0	0.0
RRP6	0.0	0.0	0.0
SPT20	0.0	0.0	0.0
CTR9	0.0	0.0	0.0
PFK27	0.0	0.0	0.0
PAP2	0.0	0.0	0.0
SHR5	0.0	0.0	0.0
TRM10	0.0	0.0	0.0
CMK2	0.0	0.0	0.0
MSH2	0.0	0.0	0.0
HAL9	0.0	0.0	0.0
IRA2	0.0	0.0	0.0
THP1	0.0	0.0	0.0
HST1	0.0	0.0	0.0
NOP12	0.0	0.0	0.0
ESC8	0.0	0.0	0.0
IES2	0.0	0.0	0.0
RTT106	0.0	0.0	0.0
PSY2	0.0	0.0	0.0
CUE1	0.0	0.0	0.0
UBP15	0.0	0.0	0.0
JNM1	0.0	0.0	0.0
DSS1	0.0	0.0	0.0
YKU70	0.0	0.0	0.0
BUL1	0.0	0.0	0.0
RCE1	0.0	0.0	0.0
TMA23	0.0	0.0	0.0
SAP30	0.0	0.0	0.0
GCR2	0.0	0.0	0.0
PEP5	0.0	0.0	0.0
MRE11	0.0	0.0	0.0
UBP8	0.0	0.0	0.0
SKY1	0.0	0.0	0.0
PFK2	0.0	0.0	0.0
ERG2	0.0	0.0	0.0
SGS1	0.0	0.0	0.0
ELP6	0.0	0.0	0.0
HDA1	0.0	0.0	0.0
RCM1	0.0	0.0	0.0
SIW14	0.0	0.0	0.0
SWT21	0.0	0.0	0.0
UBP10	0.0	0.0	0.0
ASI2	0.0	0.0	0.0
LSM7	0.0	0.0	0.0
EAF7	0.0	0.0	0.0
NCS2	0.0	0.0	0.0
YAF9	0.0	0.0	0.0
INP52	0.0	0.0	0.0
OCA1	0.0	0.0	0.0
RAS2	0.0	0.0	0.0
PHO23	0.0	0.0	0.0
PMS1	0.0	0.0	0.0
MKS1	0.0	0.0	0.0
OCA2	0.0	0.0	0.0
MSG5	0.0	0.0	0.0
EXO1	0.0	0.0	0.0
CKB2	0.0	0.0	0.0
SPT21	0.0	0.0	0.0
MRN1	0.0	0.0	0.0
HFI1	0.0	0.0	0.0
NEW1	0.0	0.0	0.0
PCL8	0.0	0.0	0.0
LEA1	0.0	0.0	0.0
PUS1	0.0	0.0	0.0
YPL199C	0.0	0.0	0.0
RSA1	0.0	0.0	0.0
CTI6	0.0	0.0	0.0
PLC1	0.0	0.0	0.0
TCO89	0.0	0.0	0.0
REV3	0.0	0.0	0.0
TGS1	0.0	0.0	0.0
POC4	0.0	0.0	0.0
MKK2	0.0	0.0	0.0
UME1	0.0	0.0	0.0
SPP1	0.0	0.0	0.0
CLN2	0.0	0.0	0.0
SAM4	0.0	0.0	0.0
ASE1	0.0	0.0	0.0
YLH47	0.0	0.0	0.0
MMS1	0.0	0.0	0.0
GPH1	0.0	0.0	0.0
YPR153W	0.0	0.0	0.0
URN1	0.0	0.0	0.0
NCE102	0.0	0.0	0.0
KAR3	0.0	0.0	0.0
CTF4	0.0	0.0	0.0
CLB5	0.0	0.0	0.0
SAM3	0.0	0.0	0.0
CLB2	0.0	0.0	0.0
SNT309	0.0	0.0	0.0
MED1	0.0	0.0	0.0
UBA3	0.0	0.0	0.0
BRR1	0.0	0.0	0.0
TIP41	0.0	0.0	0.0
EAF3	0.0	0.0	0.0
KAP120	0.0	0.0	0.0
RNY1	0.0	0.0	0.0
MEI5	0.0	0.0	0.0
SYC1	0.0	0.0	0.0
UAF30	0.0	0.0	0.0
SNF2	0.0	0.0	0.0
RFM1	0.0	0.0	0.0
HNT3	0.0	0.0	0.0
PUS7	0.0	0.0	0.0
SAS5	0.0	0.0	0.0
NPT1	0.0	0.0	0.0
NFI1	0.0	0.0	0.0
HOS3	0.0	0.0	0.0
ELG1	0.0	0.0	0.0
ARP8	0.0	0.0	0.0
SFL1	0.0	0.0	0.0
LEO1	0.0	0.0	0.0
VAM3	0.0	0.0	0.0
BUD21	0.0	0.0	0.0
CKA2	0.0	0.0	0.0
ISW2	0.0	0.0	0.0
YOR338W	0.0	0.0	0.0
HAP5	0.0	0.0	0.0
PDE2	0.0	0.0	0.0
ELP4	0.0	0.0	0.0
ATG21	0.0	0.0	0.0
BRO1	0.0	0.0	0.0
UBP16	0.0	0.0	0.0
VPS28	0.0	0.0	0.0
LGE1	0.0	0.0	0.0
DIG1	0.0	0.0	0.0
ELC1	0.0	0.0	0.0
VPS16	0.0	0.0	0.0
PHO85	0.0	0.0	0.0
RMI1	0.0	0.0	0.0
RAD1	0.0	0.0	0.0
CTF19	0.0	0.0	0.0
CHL1	0.0	0.0	0.0
SNF8	0.0	0.0	0.0
HSC82	0.0	0.0	0.0
DDR48	0.0	0.0	0.0
PBS2	0.0	0.0	0.0
SET3	0.0	0.0	0.0
RTT109	0.0	0.0	0.0
SIR1	0.0	0.0	0.0
SRP40	0.0	0.0	0.0
NUP133	0.0	0.0	0.0
SIS2	0.0	0.0	0.0
UTP30	0.0	0.0	0.0
RPS21A	0.0	0.0	0.0
SAP190	0.0	0.0	0.0
PUF3	0.0	0.0	0.0
YKR023W	0.0	0.0	0.0
IRS4	0.0	0.0	0.0
VPS1	0.0	0.0	0.0
DOA1	0.0	0.0	0.0
SAC1	0.0	0.0	0.0
ADD66	0.0	0.0	0.0
LOS1	0.0	0.0	0.0
PSR1	0.0	0.0	0.0
ATG10	0.0	0.0	0.0
ACE2	0.0	0.0	0.0
IES3	0.0	0.0	0.0
HOG1	0.0	0.0	0.0
APC9	0.0	0.0	0.0
CHA4	0.0	0.0	0.0
IOC2	0.0	0.0	0.0
ARP6	0.0	0.0	0.0
BUD20	0.0	0.0	0.0
SPT8	0.0	0.0	0.0
RPS0B	0.0	0.0	0.0
SSK1	0.0	0.0	0.0
RIC1	0.0	0.0	0.0
RAD5	0.0	0.0	0.0
SNF7	0.0	0.0	0.0
UBR2	0.0	0.0	0.0
IRC25	0.0	0.0	0.0
BRE2	0.0	0.0	0.0
PPR1	0.0	0.0	0.0
ASH1	0.0	0.0	0.0
KKQ8	0.0	0.0	0.0
TPK3	0.0	0.0	0.0
POL32	0.0	0.0	0.0
VPS25	0.0	0.0	0.0
GRR1	0.0	0.0	0.0
EAF6	0.0	0.0	0.0
OPI3	0.0	0.0	0.0
RPA12	0.0	0.0	0.0
CBF1	0.0	0.0	0.0
PTK2	0.0	0.0	0.0
RAD26	0.0	0.0	0.0
ELF1	0.0	0.0	0.0
TMA22	0.0	0.0	0.0
PEX2	0.0	0.0	0.0
YJL206C	0.0	0.0	0.0
RCY1	0.0	0.0	0.0
SWI3	0.0	0.0	0.0
SET2	0.0	0.0	0.0
TIF2	0.0	0.0	0.0
JHD2	0.0	0.0	0.0
DID4	0.0	0.0	0.0
MRT4	0.0	0.0	0.0
UFD4	0.0	0.0	0.0
DBR1	0.0	0.0	0.0
LTV1	0.0	0.0	0.0
CTK1	0.0	0.0	0.0
YPK1	0.0	0.0	0.0
RAD27	0.0	0.0	0.0
KTI12	0.0	0.0	0.0
HAP4	0.0	0.0	0.0
MUD2	0.0	0.0	0.0
NUP120	0.0	0.0	0.0
DEF1	0.0	0.0	0.0
ELM1	0.0	0.0	0.0
VPS24	0.0	0.0	0.0
RGT1	0.0	0.0	0.0
SPT23	0.0	0.0	0.0
CCE1	0.0	0.0	0.0
SRN2	0.0	0.0	0.0
PEP3	0.0	0.0	0.0
RIM11	0.0	0.0	0.0
TSL1	0.0	0.0	0.0
MSC1	0.0	0.0	0.0
TUB3	0.0	0.0	0.0
GTR1	0.0	0.0	0.0
DAT1	0.0	0.0	0.0
PML39	0.0	0.0	0.0
NUP188	0.0	0.0	0.0
CAC2	0.0	0.0	0.0
ARG81	0.0	0.0	0.0
SOK2	0.0	0.0	0.0
VPS9	0.0	0.0	0.0
ITT1	0.0	0.0	0.0
MFT1	0.0	0.0	0.0
PIF1	0.0	0.0	0.0
GAL80	0.0	0.0	0.0
VPS71	0.0	0.0	0.0
CGI121	0.0	0.0	0.0
BUD22	0.0	0.0	0.0
STB4	0.0	0.0	0.0
STM1	0.0	0.0	0.0
RCO1	0.0	0.0	0.0
SAS2	0.0	0.0	0.0
ASC1	0.0	0.0	0.0
YKU80	0.0	0.0	0.0
MUB1	0.0	0.0	0.0
NPL6	0.0	0.0	0.0
NAM7	0.0	0.0	0.0
CTF18	0.0	0.0	0.0
ABF2	0.0	0.0	0.0
MAC1	0.0	0.0	0.0
CSM3	0.0	0.0	0.0
IOC4	0.0	0.0	0.0
ARG80	0.0	0.0	0.0
SUB1	0.0	0.0	0.0
MIH1	0.0	0.0	0.0
PEX12	0.0	0.0	0.0
UBC7	0.0	0.0	0.0
RAD52	0.0	0.0	0.0
USA1	0.0	0.0	0.0
PPZ1	0.0	0.0	0.0
TOP3	0.0	0.0	0.0
ACO1	0.0	0.0	0.0
DCS1	0.0	0.0	0.0
YPT6	0.0	0.0	0.0
LCB5	0.0	0.0	0.0
GSY2	0.0	0.0	0.0
HAP1	0.0	0.0	0.0
ERF2	0.0	0.0	0.0
EST1	0.0	0.0	0.0
UBX2	0.0	0.0	0.0
BUR2	0.0	0.0	0.0
CPR6	0.0	0.0	0.0
PBA1	0.0	0.0	0.0
HCR1	0.0	0.0	0.0
SWI6	0.0	0.0	0.0
SAM1	0.0	0.0	0.0
RFX1	0.0	0.0	0.0
NKP2	0.0	0.0	0.0
MMS22	0.0	0.0	0.0
FKS1	0.0	0.0	0.0
YLR352W	0.0	0.0	0.0
YAP1	0.0	0.0	0.0
GIS4	0.0	0.0	0.0
YPT7	0.0	0.0	0.0
SIR3	0.0	0.0	0.0
CAR2	0.0	0.0	0.0
ECM30	0.0	0.0	0.0
TSR2	0.0	0.0	0.0
ATG23	0.0	0.0	0.0
RPN13	0.0	0.0	0.0
CDC73	0.0	0.0	0.0
VPS36	0.0	0.0	0.0
IKI3	0.0	0.0	0.0
MDM30	0.0	0.0	0.0
STE11	0.0	0.0	0.0
RSC2	0.0	0.0	0.0
ASF1	0.0	0.0	0.0
