1 11.8297254142 2618.22621989
2 3559.74613118 3696.05770893
3 26.9766022867 32.1153384643
4 2310.61183251 5785.74999225
5 5.21351185922 171.748120906
6 6.45588221851 158.067411962
7 4.25908603736 169.431319895
8 2.01217648493 164.364492873
9 24.0738992058 168.202379517
10 11.6315699558 177.916889051
11 5.48175288378 170.896857839
12 43672.7023189 883.041777604
13 85.0246265521 915.056476283
14 84.1137737782 383.182907164
15 82.0217688186 7402.46599255
16 37.9560671157 490.596146371
17 398691.191891 1069.99612273
18 81.1695683707 42.2596787317
19 86.3419591847 6.40178025087
20 25.7870418695 32.9703047269
21 5797.5080222 31.5851645195
22 171.424786502 312.227504643
23 282.753756658 297.311350434
24 261.636310341 333.4778504
25 461.688884736 2883.57391895
26 518.171139537 2697.30742128
27 528.054898031 2015.30746705
28 476.379214022 642.845118995
29 495.418215127 176.886616376
30 516.833299303 2423.70709875
31 518.937125118 2511.70063113
32 430.623753016 1872.09561647
33 76.3450783231 57.9477957526
34 332.905607847 60.9129545728
35 351.224089207 58.0704036529
36 178.853866783 57.4139300446
37 676.105825758 56.0635858806
38 184.592940518 319.342930809
39 2246.52465155 192.394317765
40 312.179190846 297.92461513
41 806.639520178 309.186098634
42 380.894932719 9849.32923247
43 222.467296532 224.040672848
